function [DistanceMatrix,TimeMatrix,TravelDemandMatrix,TerminalNodes,k,s,transfer_time]=network_india()

%------------------------------ Remarks: ----------------------------------
% Network Inputs: 
%  28 nodes 
%  d = Stop-to-Stop Distance Matrix
%  T = Stop-to-Stop Time Matrix
%  D = Travel Demand Matrix
%  t = Terminal Nodes
%  k = for k-shortest paths algorithm: this refers to the first k
%    shortest paths
%  s = no. of bus routes for the network
%  transfer_time = time for each transfer (constant)

% d
d = inf(28,28);
d(1,22)=1; d(22,1)=1;
d(2,3)=2; d(3,2)=2; d(2,16)=3; d(16,2)=3; d(2,22)=1; d(22,2)=1;
d(3,25)=4; d(25,3)=4;
d(4,23)=1; d(23,4)=1; d(4,24)=1; d(24,4)=1;
d(5,6)=2; d(6,5)=2; d(5,14)=1; d(14,5)=1; d(5,25)=1; d(25,5)=1;
d(6,7)=2; d(7,6)=2; d(6,27)=1; d(27,6)=1;
d(7,28)=2; d(28,7)=2;
d(8,26)=2; d(26,8)=2; d(8,28)=1; d(28,8)=1;
d(9,10)=3; d(10,9)=3; d(9,27)=4; d(27,9)=4; d(9,28)=1; d(28,9)=1;
d(10,11)=2; d(11,10)=2; d(10,12)=3; d(12,10)=3;
d(12,13)=3; d(13,12)=3; d(12,27)=2; d(27,12)=2;
d(13,14)=1; d(14,13)=1; d(13,21)=3; d(21,13)=3;
d(14,27)=2; d(27,14)=2;
d(15,22)=1; d(22,15)=1; d(15,23)=1; d(23,15)=1;
d(16,26)=3; d(26,16)=3;
d(17,23)=2; d(23,17)=2;
d(18,22)=2; d(22,18)=2;
d(19,26)=2; d(26,19)=2;
d(20,26)=2; d(26,20)=2;
d(21,24)=4; d(24,21)=4;
d(24,25)=1; d(25,24)=1;
DistanceMatrix = d;
%disp("Distance Matrix"); disp(DistanceMatrix);


% T
T = inf(28,28);
T(1,22)=2; T(22,1)=2;
T(2,3)=4; T(3,2)=4; T(2,16)=7; T(16,2)=7; T(2,22)=2; T(22,2)=2;
T(3,25)=9; T(25,3)=9;
T(4,23)=2; T(23,4)=2; T(4,24)=2; T(24,4)=2;
T(5,6)=4; T(6,5)=4; T(5,14)=2; T(14,5)=2; T(5,25)=2; T(25,5)=2;
T(6,7)=5; T(7,6)=5; T(6,27)=2; T(27,6)=2;
T(7,28)=4; T(28,7)=4;
T(8,26)=5; T(26,8)=5; T(8,28)=2; T(28,8)=2;
T(9,10)=7; T(10,9)=7; T(9,27)=8; T(27,9)=8; T(9,28)=2; T(28,9)=2;
T(10,11)=5; T(11,10)=5; T(10,12)=6; T(12,10)=6;
T(12,13)=5; T(13,12)=5; T(12,27)=5; T(27,12)=5;
T(13,14)=2; T(14,13)=2; T(13,21)=6; T(21,13)=6;
T(14,27)=4; T(27,14)=4;
T(15,22)=2; T(22,15)=2; T(15,23)=2; T(23,15)=2;
T(16,26)=8; T(26,16)=8;
T(17,23)=4; T(23,17)=4;
T(18,22)=5; T(22,18)=5;
T(19,26)=5; T(26,19)=5;
T(20,26)=4; T(26,20)=4;
T(21,24)=7; T(24,21)=7;
T(24,25)=3; T(25,24)=3;
TimeMatrix = T;
%disp("Travel Time Matrix"); disp(TimeMatrix);

% D
TravelDemandMatrix = zeros(28,28);
D = [0  33  0   0   8   0   6   0   0   0   6   0   0   0   0   150   0     30  0   0   0;
    33  0   80  25  40  0   6   9   6   54  15  0   0   50  0   130   30    20  0   0   0;
    0   80  0   0   25  0   0   0   0   20  3   0   27  20  0   0     0     0   0   0   0;
    0   25  0   0   8   7   0   0   0   0   5   0   0   0   35  0     40    0   0   0   0;
    8   40  25  8   0   0   28  30  0   39  6   14  21  43  7   0     30    0   0   0   0;
    0   0   0   7   0   0   0   10  0   38  0   0   17  19  5   0     9     0   21  0   0;
    6   6   0   0   28  0   0   50  0   12  17  0   16  32  9   0     6     0   29  0   0;
    0   9   0   0   30  10  50  0   35  32  0   0   48  0   0   11    0     0   20  13  17;
    0   6   0   0   0   0   0   35  0   0   0   0   25  0   6   0     0     0   9   0   0;
    0   54  20  0   39  38  12  32  0   0   50  31  75  0   0   34    0     0   0   0   0;
    6   15  3   5   6   0   17  0   0   50  0   53  101 0   0   0     40    0   0   0   0;
    0   0   0   0   14  0   0   0   0   31  53  0   2   0   0   0     0     0   0   0   0;
    0   0   27  0   21  17  16  48  25  75  101 2   0   23  0   0     0     0   0   0   29;
    0   50  20  0   43  19  32  0   0   0   0   0   23  0   0   0     0     0   0   0   0;
    0   0   0   35  7   5   9   0   6   0   0   0   0   0   0   0     10    0   0   0   0;
    150 130 0   0   0   0   0   11  0   34  0   0   0   0   0   0     0     0   50  37  0;
    0   30  0   40  30  9   6   0   0   0   40  0   0   0   10  0     0     0   0   0   0;
    30  20  0   0   0   0   0   0   0   0   0   0   0   0   0   0     0     0   0   0   0;
    0   0   0   0   0   21  29  20  9   0   0   0   0   0   0   50    0     0   0   0   27;
    0   0   0   0   0   0   0   13  0   0   0   0   0   0   0   37    0     0   0   0   0;
    0   0   0   0   0   0   0   17  0   0   0   0   29  0   0   0     0     0   27  0   0];
TravelDemandMatrix(1:21,1:21) = D;
%disp("Travel Demand Matrix"); disp(TravelDemandMatrix);

% t
TerminalNodes = [1 11 17 18 19 20 21];      % terminal nodes


k = 5;                  % k shortest Paths for each node to node
s = 4;                  % no. of routes in a bus network
transfer_time = 5;      % transfer time is 5 minutes

end


